NSC_11212
SItclcactv03021223563D 0   0.00000     0.00000     1
 
 24 24  0  0  0  0  0  0  0  0999 V2000
   -1.2207   -1.1871    0.4794 C   0  0  0  0  0  0  0  0  0  0  0  0
   -1.2281    0.1980    0.3718 C   0  0  0  0  0  0  0  0  0  0  0  0
   -2.3449   -1.9109    0.1344 C   0  0  0  0  0  0  0  0  0  0  0  0
   -2.3671    0.8500   -0.0826 C   0  0  0  0  0  0  0  0  0  0  0  0
   -3.4773   -1.2584   -0.3182 C   0  0  0  0  0  0  0  0  0  0  0  0
   -3.4883    0.1199   -0.4260 C   0  0  0  0  0  0  0  0  0  0  0  0
   -0.0928    0.9332    0.7204 N   0  0  0  0  0  0  0  0  0  0  0  0
    1.1076    0.2438    1.2000 C   0  0  0  0  0  0  0  0  0  0  0  0
    2.2425   -0.0309   -0.1882 S   0  0  0  0  0  0  0  0  0  0  0  0
    1.6992   -0.9793   -1.0963 O   0  0  0  0  0  0  0  0  0  0  0  0
    2.7742    1.2036   -0.6494 O   0  0  0  0  0  0  0  0  0  0  0  0
    3.4350   -0.7451    0.4317 O   0  0  0  0  0  0  0  0  0  0  0  0
   -2.3800    2.3524   -0.2004 C   0  0  0  0  0  0  0  0  0  0  0  0
   -0.3351   -1.6975    0.8282 H   0  0  0  0  0  0  0  0  0  0  0  0
   -2.3398   -2.9876    0.2178 H   0  0  0  0  0  0  0  0  0  0  0  0
   -4.3550   -1.8270   -0.5880 H   0  0  0  0  0  0  0  0  0  0  0  0
   -4.3743    0.6263   -0.7794 H   0  0  0  0  0  0  0  0  0  0  0  0
   -0.0992    1.9002    0.6449 H   0  0  0  0  0  0  0  0  0  0  0  0
    1.5999    0.8552    1.9563 H   0  0  0  0  0  0  0  0  0  0  0  0
    0.8264   -0.7154    1.6347 H   0  0  0  0  0  0  0  0  0  0  0  0
    4.1355   -0.9610   -0.1990 H   0  0  0  0  0  0  0  0  0  0  0  0
   -2.0394    2.6418   -1.1946 H   0  0  0  0  0  0  0  0  0  0  0  0
   -3.3936    2.7206   -0.0421 H   0  0  0  0  0  0  0  0  0  0  0  0
   -1.7162    2.7814    0.5502 H   0  0  0  0  0  0  0  0  0  0  0  0
  1  3  2  0  0  0  0
  1  2  1  0  0  0  0
  2  4  2  0  0  0  0
  2  7  1  0  0  0  0
  3  5  1  0  0  0  0
  4  6  1  0  0  0  0
  4 13  1  0  0  0  0
  5  6  2  0  0  0  0
  7  8  1  0  0  0  0
  8  9  1  0  0  0  0
  9 10  2  0  0  0  0
  9 11  2  0  0  0  0
  9 12  1  0  0  0  0
  1 14  1  0  0  0  0
  3 15  1  0  0  0  0
  5 16  1  0  0  0  0
  6 17  1  0  0  0  0
  7 18  1  0  0  0  0
  8 19  1  0  0  0  0
  8 20  1  0  0  0  0
 12 21  1  0  0  0  0
 13 22  1  0  0  0  0
 13 23  1  0  0  0  0
 13 24  1  0  0  0  0
M  END
$$$$
NSC_243649
SItclcactv03031203473D 0   0.00000     0.00000     1
 
 24 24  0  0  0  0  0  0  0  0999 V2000
    1.7759   -3.6930   -0.1681 C   0  0  0  0  0  0  0  0  0  0  0  0
    0.5733   -3.2885   -1.0231 C   0  0  0  0  0  0  0  0  0  0  0  0
    2.4709   -2.4369    0.3612 C   0  0  0  0  0  0  0  0  0  0  0  0
   -0.4096   -2.4822   -0.1719 C   0  0  0  0  0  0  0  0  0  0  0  0
    1.4880   -1.6306    1.2125 C   0  0  0  0  0  0  0  0  0  0  0  0
    0.2854   -1.2261    0.3575 C   0  0  0  0  0  0  0  0  0  0  0  0
   -2.3366    0.2558   -0.0286 I   0  0  0  0  0  0  0  0  0  0  0  0
    1.6477    1.4533   -0.0735 I   0  0  0  0  0  0  0  0  0  0  0  0
    0.7607   -0.3718   -0.8195 C   0  0  0  0  0  0  0  0  0  0  0  0
   -0.6975   -0.4198    1.2087 C   0  0  0  0  0  0  0  0  0  0  0  0
    1.4373   -4.3015    0.6704 H   0  0  0  0  0  0  0  0  0  0  0  0
    2.4762   -4.2674   -0.7746 H   0  0  0  0  0  0  0  0  0  0  0  0
    0.9119   -2.6799   -1.8616 H   0  0  0  0  0  0  0  0  0  0  0  0
    0.0782   -4.1833   -1.4002 H   0  0  0  0  0  0  0  0  0  0  0  0
    3.3276   -2.7251    0.9704 H   0  0  0  0  0  0  0  0  0  0  0  0
    2.8095   -1.8283   -0.4773 H   0  0  0  0  0  0  0  0  0  0  0  0
   -1.2663   -2.1940   -0.7810 H   0  0  0  0  0  0  0  0  0  0  0  0
   -0.7482   -3.0907    0.6666 H   0  0  0  0  0  0  0  0  0  0  0  0
    1.1494   -2.2391    2.0510 H   0  0  0  0  0  0  0  0  0  0  0  0
    1.9831   -0.7357    1.5896 H   0  0  0  0  0  0  0  0  0  0  0  0
    1.5013   -0.9267   -1.3955 H   0  0  0  0  0  0  0  0  0  0  0  0
   -0.0884   -0.1285   -1.4582 H   0  0  0  0  0  0  0  0  0  0  0  0
   -1.0832   -1.0481    2.0115 H   0  0  0  0  0  0  0  0  0  0  0  0
   -0.1856    0.4424    1.6362 H   0  0  0  0  0  0  0  0  0  0  0  0
  1  2  1  0  0  0  0
  1  3  1  0  0  0  0
  2  4  1  0  0  0  0
  3  5  1  0  0  0  0
  4  6  1  0  0  0  0
  5  6  1  0  0  0  0
  6  9  1  0  0  0  0
  6 10  1  0  0  0  0
  7 10  1  0  0  0  0
  8  9  1  0  0  0  0
  1 11  1  0  0  0  0
  1 12  1  0  0  0  0
  2 13  1  0  0  0  0
  2 14  1  0  0  0  0
  3 15  1  0  0  0  0
  3 16  1  0  0  0  0
  4 17  1  0  0  0  0
  4 18  1  0  0  0  0
  5 19  1  0  0  0  0
  5 20  1  0  0  0  0
  9 21  1  0  0  0  0
  9 22  1  0  0  0  0
 10 23  1  0  0  0  0
 10 24  1  0  0  0  0
M  END
$$$$
NSC_148301
SItclcactv03021222253D 0   0.00000     0.00000     1
 
 35 36  0  0  0  0  0  0  0  0999 V2000
    4.3779   -2.8026   -0.0179 Cl  0  0  0  0  0  0  0  0  0  0  0  0
   -2.8727   -1.7368    0.0112 C   0  0  0  0  0  0  0  0  0  0  0  0
   -2.7276   -0.3297    0.0192 C   0  0  0  0  0  0  0  0  0  0  0  0
   -4.1208   -2.2873    0.0124 C   0  0  0  0  0  0  0  0  0  0  0  0
   -5.2463   -1.4726    0.0215 C   0  0  0  0  0  0  0  0  0  0  0  0
   -3.8818    0.4874    0.0284 C   0  0  0  0  0  0  0  0  0  0  0  0
   -5.1183   -0.0896    0.0294 C   0  0  0  0  0  0  0  0  0  0  0  0
    3.5187    1.1528    0.0078 C   0  0  0  0  0  0  0  0  0  0  0  0
    3.3730   -0.2549   -0.0003 C   0  0  0  0  0  0  0  0  0  0  0  0
    4.7642    1.7050    0.0075 C   0  0  0  0  0  0  0  0  0  0  0  0
    4.5300   -1.0733   -0.0085 C   0  0  0  0  0  0  0  0  0  0  0  0
    5.8952    0.8955   -0.0007 C   0  0  0  0  0  0  0  0  0  0  0  0
    5.7758   -0.4865   -0.0086 C   0  0  0  0  0  0  0  0  0  0  0  0
    7.2407    1.5153   -0.0018 N   0  3  0  0  0  0  0  0  0  0  0  0
    7.3616    2.8267    0.0048 O   0  5  0  0  0  0  0  0  0  0  0  0
    8.3160    0.7549   -0.0095 O   0  0  0  0  0  0  0  0  0  0  0  0
    2.0964   -0.8342    0.0004 C   0  0  0  0  0  0  0  0  0  0  0  0
    0.9444   -0.0097    0.0092 C   0  0  0  0  0  0  0  0  0  0  0  0
   -0.2979   -0.5734    0.0098 C   0  0  0  0  0  0  0  0  0  0  0  0
   -1.4490    0.2505    0.0186 C   0  0  0  0  0  0  0  0  0  0  0  0
   -6.5592    0.9244    0.0403 S   0  0  0  0  0  0  0  0  0  0  0  0
   -6.8829    1.1471    1.4059 O   0  0  0  0  0  0  0  0  0  0  0  0
   -6.3159    1.9773   -0.8825 O   0  0  0  0  0  0  0  0  0  0  0  0
   -7.7624    0.0494   -0.5753 F   0  0  0  0  0  0  0  0  0  0  0  0
   -1.9995   -2.3723   -0.0003 H   0  0  0  0  0  0  0  0  0  0  0  0
   -4.2346   -3.3612    0.0060 H   0  0  0  0  0  0  0  0  0  0  0  0
   -6.2298   -1.9189    0.0220 H   0  0  0  0  0  0  0  0  0  0  0  0
   -3.7851    1.5631    0.0350 H   0  0  0  0  0  0  0  0  0  0  0  0
    2.6450    1.7877    0.0092 H   0  0  0  0  0  0  0  0  0  0  0  0
    4.8742    2.7794    0.0136 H   0  0  0  0  0  0  0  0  0  0  0  0
    6.6620   -1.1038   -0.0149 H   0  0  0  0  0  0  0  0  0  0  0  0
    1.9911   -1.9090   -0.0057 H   0  0  0  0  0  0  0  0  0  0  0  0
    1.0496    1.0652    0.0153 H   0  0  0  0  0  0  0  0  0  0  0  0
   -0.4032   -1.6482    0.0037 H   0  0  0  0  0  0  0  0  0  0  0  0
   -1.3438    1.3253    0.0247 H   0  0  0  0  0  0  0  0  0  0  0  0
  1 11  1  0  0  0  0
  2  4  2  0  0  0  0
  2  3  1  0  0  0  0
  3  6  2  0  0  0  0
  3 20  1  0  0  0  0
  4  5  1  0  0  0  0
  5  7  2  0  0  0  0
  6  7  1  0  0  0  0
  7 21  1  0  0  0  0
  8 10  2  0  0  0  0
  8  9  1  0  0  0  0
  9 11  2  0  0  0  0
  9 17  1  0  0  0  0
 10 12  1  0  0  0  0
 11 13  1  0  0  0  0
 12 13  2  0  0  0  0
 12 14  1  0  0  0  0
 14 15  1  0  0  0  0
 14 16  2  0  0  0  0
 17 18  2  0  0  0  0
 18 19  1  0  0  0  0
 19 20  2  0  0  0  0
 21 22  2  0  0  0  0
 21 23  2  0  0  0  0
 21 24  1  0  0  0  0
  2 25  1  0  0  0  0
  4 26  1  0  0  0  0
  5 27  1  0  0  0  0
  6 28  1  0  0  0  0
  8 29  1  0  0  0  0
 10 30  1  0  0  0  0
 13 31  1  0  0  0  0
 17 32  1  0  0  0  0
 18 33  1  0  0  0  0
 19 34  1  0  0  0  0
 20 35  1  0  0  0  0
M  CHG  2  14   1  15  -1
M  END
$$$$
NSC_135377
SItclcactv03031218593D 0   0.00000     0.00000     1
 
 37 36  0  0  0  0  0  0  0  0999 V2000
   -4.7069    0.3965    0.6933 O   0  0  0  0  0  0  0  0  0  0  0  0
   -3.7228    0.1043   -0.2893 S   0  0  0  0  0  0  0  0  0  0  0  0
   -3.4681    1.0023   -1.3607 O   0  0  0  0  0  0  0  0  0  0  0  0
   -2.4151    0.0677    0.4886 O   0  0  0  0  0  0  0  0  0  0  0  0
    0.0000   -0.0000    0.5469 C   0  0  0  0  0  0  0  0  0  0  0  0
    2.4151   -0.0677    0.4886 O   0  0  0  0  0  0  0  0  0  0  0  0
    4.7069   -0.3965    0.6933 O   0  0  0  0  0  0  0  0  0  0  0  0
    3.7228   -0.1043   -0.2893 S   0  0  0  0  0  0  0  0  0  0  0  0
    3.4681   -1.0023   -1.3607 O   0  0  0  0  0  0  0  0  0  0  0  0
   -3.9269   -1.5874   -0.9114 C   0  0  0  0  0  0  0  0  0  0  0  0
   -1.2487    0.0350   -0.3364 C   0  0  0  0  0  0  0  0  0  0  0  0
    0.0700    2.4975    0.5469 C   0  0  0  0  0  0  0  0  0  0  0  0
    0.0350    1.2487    1.4303 C   0  0  0  0  0  0  0  0  0  0  0  0
   -0.0350   -1.2487    1.4303 C   0  0  0  0  0  0  0  0  0  0  0  0
   -0.0700   -2.4975    0.5469 C   0  0  0  0  0  0  0  0  0  0  0  0
    1.2487   -0.0350   -0.3364 C   0  0  0  0  0  0  0  0  0  0  0  0
    3.9269    1.5874   -0.9114 C   0  0  0  0  0  0  0  0  0  0  0  0
   -4.8498   -1.6537   -1.4875 H   0  0  0  0  0  0  0  0  0  0  0  0
   -3.0812   -1.8445   -1.5491 H   0  0  0  0  0  0  0  0  0  0  0  0
   -3.9725   -2.2804   -0.0713 H   0  0  0  0  0  0  0  0  0  0  0  0
   -1.2737   -0.8546   -0.9657 H   0  0  0  0  0  0  0  0  0  0  0  0
   -1.2238    0.9246   -0.9657 H   0  0  0  0  0  0  0  0  0  0  0  0
    0.0949    3.3871    1.1762 H   0  0  0  0  0  0  0  0  0  0  0  0
    0.9596    2.4726   -0.0824 H   0  0  0  0  0  0  0  0  0  0  0  0
   -0.8196    2.5224   -0.0824 H   0  0  0  0  0  0  0  0  0  0  0  0
   -0.8546    1.2737    2.0596 H   0  0  0  0  0  0  0  0  0  0  0  0
    0.9246    1.2238    2.0596 H   0  0  0  0  0  0  0  0  0  0  0  0
    0.8546   -1.2737    2.0596 H   0  0  0  0  0  0  0  0  0  0  0  0
   -0.9246   -1.2238    2.0596 H   0  0  0  0  0  0  0  0  0  0  0  0
   -0.9596   -2.4726   -0.0824 H   0  0  0  0  0  0  0  0  0  0  0  0
    0.8196   -2.5224   -0.0824 H   0  0  0  0  0  0  0  0  0  0  0  0
   -0.0949   -3.3871    1.1762 H   0  0  0  0  0  0  0  0  0  0  0  0
    1.2238   -0.9246   -0.9657 H   0  0  0  0  0  0  0  0  0  0  0  0
    1.2737    0.8546   -0.9657 H   0  0  0  0  0  0  0  0  0  0  0  0
    3.9725    2.2804   -0.0713 H   0  0  0  0  0  0  0  0  0  0  0  0
    4.8498    1.6537   -1.4875 H   0  0  0  0  0  0  0  0  0  0  0  0
    3.0812    1.8445   -1.5491 H   0  0  0  0  0  0  0  0  0  0  0  0
  1  2  2  0  0  0  0
  2  4  1  0  0  0  0
  2  3  2  0  0  0  0
  2 10  1  0  0  0  0
  4 11  1  0  0  0  0
  5 11  1  0  0  0  0
  5 13  1  0  0  0  0
  5 14  1  0  0  0  0
  5 16  1  0  0  0  0
  6  8  1  0  0  0  0
  6 16  1  0  0  0  0
  7  8  2  0  0  0  0
  8  9  2  0  0  0  0
  8 17  1  0  0  0  0
 12 13  1  0  0  0  0
 14 15  1  0  0  0  0
 10 18  1  0  0  0  0
 10 19  1  0  0  0  0
 10 20  1  0  0  0  0
 11 21  1  0  0  0  0
 11 22  1  0  0  0  0
 12 23  1  0  0  0  0
 12 24  1  0  0  0  0
 12 25  1  0  0  0  0
 13 26  1  0  0  0  0
 13 27  1  0  0  0  0
 14 28  1  0  0  0  0
 14 29  1  0  0  0  0
 15 30  1  0  0  0  0
 15 31  1  0  0  0  0
 15 32  1  0  0  0  0
 16 33  1  0  0  0  0
 16 34  1  0  0  0  0
 17 35  1  0  0  0  0
 17 36  1  0  0  0  0
 17 37  1  0  0  0  0
M  END
$$$$
NSC_89298
SItclcactv03031204193D 0   0.00000     0.00000     1
 
 14 14  0  0  0  0  0  0  0  0999 V2000
   -2.8214    1.3275   -0.0003 I   0  0  0  0  0  0  0  0  0  0  0  0
   -1.2881   -1.7885    0.0005 I   0  0  0  0  0  0  0  0  0  0  0  0
    2.1760   -2.0346   -0.0003 I   0  0  0  0  0  0  0  0  0  0  0  0
    3.9821    3.3518    0.0003 Cl  0  0  0  0  0  0  0  0  0  0  0  0
    0.0330    2.3409    0.0002 C   0  0  0  0  0  0  0  0  0  0  0  0
    1.4280    2.2488    0.0003 C   0  0  0  0  0  0  0  0  0  0  0  0
   -0.7307    1.1923   -0.0001 C   0  0  0  0  0  0  0  0  0  0  0  0
    2.0391    0.9913    0.0002 C   0  0  0  0  0  0  0  0  0  0  0  0
   -0.1187   -0.0502    0.0002 C   0  0  0  0  0  0  0  0  0  0  0  0
    1.2630   -0.1490   -0.0001 C   0  0  0  0  0  0  0  0  0  0  0  0
    2.2502    3.4708    0.0002 C   0  0  0  0  0  0  0  0  0  0  0  0
    1.7171    4.5605   -0.0001 O   0  0  0  0  0  0  0  0  0  0  0  0
   -0.4455    3.3091    0.0048 H   0  0  0  0  0  0  0  0  0  0  0  0
    3.1162    0.9129   -0.0001 H   0  0  0  0  0  0  0  0  0  0  0  0
  1  7  1  0  0  0  0
  2  9  1  0  0  0  0
  3 10  1  0  0  0  0
  4 11  1  0  0  0  0
  5  7  2  0  0  0  0
  5  6  1  0  0  0  0
  6  8  2  0  0  0  0
  6 11  1  0  0  0  0
  7  9  1  0  0  0  0
  8 10  1  0  0  0  0
  9 10  2  0  0  0  0
 11 12  2  0  0  0  0
  5 13  1  0  0  0  0
  8 14  1  0  0  0  0
M  END
$$$$
NSC_158572
SItclcactv03031200283D 0   0.00000     0.00000     1
 
 18 18  0  0  0  0  0  0  0  0999 V2000
    1.9190   -0.5938   -0.0002 I   0  0  0  0  0  0  0  0  0  0  0  0
   -2.0992    1.0371   -0.0002 C   0  0  0  0  0  0  0  0  0  0  0  0
   -2.9159   -0.0842   -0.0002 C   0  0  0  0  0  0  0  0  0  0  0  0
   -0.7255    0.8899    0.0003 C   0  0  0  0  0  0  0  0  0  0  0  0
   -2.3508   -1.3514    0.0004 C   0  0  0  0  0  0  0  0  0  0  0  0
   -0.1645   -0.3742    0.0004 C   0  0  0  0  0  0  0  0  0  0  0  0
   -0.9770   -1.4938    0.0009 C   0  0  0  0  0  0  0  0  0  0  0  0
    0.1464    2.0859    0.0003 N   0  3  0  0  0  0  0  0  0  0  0  0
   -0.3472    3.1993   -0.0002 O   0  5  0  0  0  0  0  0  0  0  0  0
    1.3575    1.9566    0.0008 O   0  0  0  0  0  0  0  0  0  0  0  0
   -4.2675    0.0583   -0.0002 O   0  0  0  0  0  0  0  0  0  0  0  0
   -5.0461   -1.1399   -0.0002 C   0  0  0  0  0  0  0  0  0  0  0  0
   -2.5369    2.0244   -0.0051 H   0  0  0  0  0  0  0  0  0  0  0  0
   -2.9848   -2.2258    0.0008 H   0  0  0  0  0  0  0  0  0  0  0  0
   -0.5367   -2.4800    0.0017 H   0  0  0  0  0  0  0  0  0  0  0  0
   -6.1058   -0.8846   -0.0003 H   0  0  0  0  0  0  0  0  0  0  0  0
   -4.8132   -1.7246   -0.8901 H   0  0  0  0  0  0  0  0  0  0  0  0
   -4.8133   -1.7245    0.8898 H   0  0  0  0  0  0  0  0  0  0  0  0
  1  6  1  0  0  0  0
  2  3  2  0  0  0  0
  2  4  1  0  0  0  0
  3  5  1  0  0  0  0
  3 11  1  0  0  0  0
  4  6  2  0  0  0  0
  4  8  1  0  0  0  0
  5  7  2  0  0  0  0
  6  7  1  0  0  0  0
  8  9  1  0  0  0  0
  8 10  2  0  0  0  0
 11 12  1  0  0  0  0
  2 13  1  0  0  0  0
  5 14  1  0  0  0  0
  7 15  1  0  0  0  0
 12 16  1  0  0  0  0
 12 17  1  0  0  0  0
 12 18  1  0  0  0  0
M  CHG  2   8   1   9  -1
M  END
$$$$
NSC_727370
SItclcactv03041200323D 0   0.00000     0.00000     1
 
 25 24  0  0  0  0  0  0  0  0999 V2000
    3.1659   -0.0434   -0.5425 C   0  0  0  0  0  0  0  0  0  0  0  0
    2.5801    0.2967    0.7157 O   0  0  0  0  0  0  0  0  0  0  0  0
    1.4520    1.1682    0.6151 C   0  0  0  0  0  0  0  0  0  0  0  0
   -3.1485   -0.2492    0.4046 C   0  0  0  0  0  0  0  0  0  0  0  0
   -2.5606    0.6027   -0.5806 O   0  0  0  0  0  0  0  0  0  0  0  0
   -1.4297    1.3397   -0.1116 C   0  0  0  0  0  0  0  0  0  0  0  0
    0.0093    0.2280    0.0168 P   0  0  0  0  0  0  0  0  0  0  0  0
    4.3582   -0.9748   -0.3149 C   0  0  0  0  0  0  0  0  0  0  0  0
   -4.3437   -0.9847   -0.2048 C   0  0  0  0  0  0  0  0  0  0  0  0
    0.3110   -0.3443   -1.3144 O   0  0  0  0  0  0  0  0  0  0  0  0
   -0.3343   -1.0060    1.0883 F   0  0  0  0  0  0  0  0  0  0  0  0
    2.4252   -0.5466   -1.1640 H   0  0  0  0  0  0  0  0  0  0  0  0
    3.5040    0.8640   -1.0430 H   0  0  0  0  0  0  0  0  0  0  0  0
    1.2299    1.5896    1.5955 H   0  0  0  0  0  0  0  0  0  0  0  0
    1.6763    1.9736   -0.0843 H   0  0  0  0  0  0  0  0  0  0  0  0
   -2.4100   -0.9752    0.7445 H   0  0  0  0  0  0  0  0  0  0  0  0
   -3.4840    0.3510    1.2504 H   0  0  0  0  0  0  0  0  0  0  0  0
   -1.2054    2.1451   -0.8110 H   0  0  0  0  0  0  0  0  0  0  0  0
   -1.6519    1.7611    0.8688 H   0  0  0  0  0  0  0  0  0  0  0  0
    5.0989   -0.4716    0.3066 H   0  0  0  0  0  0  0  0  0  0  0  0
    4.0200   -1.8822    0.1856 H   0  0  0  0  0  0  0  0  0  0  0  0
    4.8050   -1.2343   -1.2747 H   0  0  0  0  0  0  0  0  0  0  0  0
   -5.0823   -0.2587   -0.5447 H   0  0  0  0  0  0  0  0  0  0  0  0
   -4.0082   -1.5849   -1.0506 H   0  0  0  0  0  0  0  0  0  0  0  0
   -4.7921   -1.6345    0.5467 H   0  0  0  0  0  0  0  0  0  0  0  0
  1  2  1  0  0  0  0
  1  8  1  0  0  0  0
  2  3  1  0  0  0  0
  3  7  1  0  0  0  0
  4  5  1  0  0  0  0
  4  9  1  0  0  0  0
  5  6  1  0  0  0  0
  6  7  1  0  0  0  0
  7 10  2  0  0  0  0
  7 11  1  0  0  0  0
  1 12  1  0  0  0  0
  1 13  1  0  0  0  0
  3 14  1  0  0  0  0
  3 15  1  0  0  0  0
  4 16  1  0  0  0  0
  4 17  1  0  0  0  0
  6 18  1  0  0  0  0
  6 19  1  0  0  0  0
  8 20  1  0  0  0  0
  8 21  1  0  0  0  0
  8 22  1  0  0  0  0
  9 23  1  0  0  0  0
  9 24  1  0  0  0  0
  9 25  1  0  0  0  0
M  END
$$$$
NSC_9265
SItclcactv03021223223D 0   0.00000     0.00000     1
 
 18 18  0  0  0  0  0  0  0  0999 V2000
   -1.4054    0.0000    0.0004 I   0  0  0  0  0  0  0  0  0  0  0  0
    0.6896    0.0000    0.0020 C   0  0  0  0  0  0  0  0  0  0  0  0
    1.3812   -1.1976   -0.0006 C   0  0  0  0  0  0  0  0  0  0  0  0
    1.3812    1.1976   -0.0002 C   0  0  0  0  0  0  0  0  0  0  0  0
    2.7635   -1.1973   -0.0000 C   0  0  0  0  0  0  0  0  0  0  0  0
    2.7635    1.1973    0.0003 C   0  0  0  0  0  0  0  0  0  0  0  0
    3.4545   -0.0000    0.0031 C   0  0  0  0  0  0  0  0  0  0  0  0
    0.6280    2.5028   -0.0037 C   0  0  0  0  0  0  0  0  0  0  0  0
    0.6280   -2.5028   -0.0034 C   0  0  0  0  0  0  0  0  0  0  0  0
    3.3036   -2.1325   -0.0017 H   0  0  0  0  0  0  0  0  0  0  0  0
    3.3036    2.1325   -0.0017 H   0  0  0  0  0  0  0  0  0  0  0  0
    4.5345   -0.0000    0.0039 H   0  0  0  0  0  0  0  0  0  0  0  0
    0.4456    2.8198    1.0231 H   0  0  0  0  0  0  0  0  0  0  0  0
    1.2175    3.2612   -0.5188 H   0  0  0  0  0  0  0  0  0  0  0  0
   -0.3241    2.3715   -0.5179 H   0  0  0  0  0  0  0  0  0  0  0  0
    0.4464   -2.8153   -1.0318 H   0  0  0  0  0  0  0  0  0  0  0  0
    1.2171   -3.2635    0.5088 H   0  0  0  0  0  0  0  0  0  0  0  0
   -0.3245   -2.3737    0.5106 H   0  0  0  0  0  0  0  0  0  0  0  0
  1  2  1  0  0  0  0
  2  4  2  0  0  0  0
  2  3  1  0  0  0  0
  3  5  2  0  0  0  0
  3  9  1  0  0  0  0
  4  6  1  0  0  0  0
  4  8  1  0  0  0  0
  5  7  1  0  0  0  0
  6  7  2  0  0  0  0
  5 10  1  0  0  0  0
  6 11  1  0  0  0  0
  7 12  1  0  0  0  0
  8 13  1  0  0  0  0
  8 14  1  0  0  0  0
  8 15  1  0  0  0  0
  9 16  1  0  0  0  0
  9 17  1  0  0  0  0
  9 18  1  0  0  0  0
M  END
$$$$
NSC_9266
SItclcactv03021223223D 0   0.00000     0.00000     1
 
 19 19  0  0  0  0  0  0  0  0999 V2000
    1.6110    0.2776   -0.0000 I   0  0  0  0  0  0  0  0  0  0  0  0
   -2.5470   -0.9839   -0.0000 C   0  0  0  0  0  0  0  0  0  0  0  0
   -1.3839   -0.2277    0.0003 C   0  0  0  0  0  0  0  0  0  0  0  0
   -2.4729   -2.3632   -0.0004 C   0  0  0  0  0  0  0  0  0  0  0  0
   -0.1485   -0.8597    0.0002 C   0  0  0  0  0  0  0  0  0  0  0  0
   -1.2407   -2.9908    0.0000 C   0  0  0  0  0  0  0  0  0  0  0  0
   -0.0799   -2.2401   -0.0002 C   0  0  0  0  0  0  0  0  0  0  0  0
   -1.4543    1.1295    0.0002 O   0  0  0  0  0  0  0  0  0  0  0  0
   -2.7594    1.7115   -0.0002 C   0  0  0  0  0  0  0  0  0  0  0  0
   -2.6377    3.2366   -0.0002 C   0  0  0  0  0  0  0  0  0  0  0  0
   -3.5097   -0.4944    0.0045 H   0  0  0  0  0  0  0  0  0  0  0  0
   -3.3783   -2.9521   -0.0006 H   0  0  0  0  0  0  0  0  0  0  0  0
   -1.1851   -4.0694    0.0004 H   0  0  0  0  0  0  0  0  0  0  0  0
    0.8813   -2.7326   -0.0006 H   0  0  0  0  0  0  0  0  0  0  0  0
   -3.3002    1.3901   -0.8903 H   0  0  0  0  0  0  0  0  0  0  0  0
   -3.3007    1.3902    0.8897 H   0  0  0  0  0  0  0  0  0  0  0  0
   -2.0969    3.5580    0.8899 H   0  0  0  0  0  0  0  0  0  0  0  0
   -2.0964    3.5579   -0.8900 H   0  0  0  0  0  0  0  0  0  0  0  0
   -3.6332    3.6805   -0.0005 H   0  0  0  0  0  0  0  0  0  0  0  0
  1  5  1  0  0  0  0
  2  4  2  0  0  0  0
  2  3  1  0  0  0  0
  3  5  2  0  0  0  0
  3  8  1  0  0  0  0
  4  6  1  0  0  0  0
  5  7  1  0  0  0  0
  6  7  2  0  0  0  0
  8  9  1  0  0  0  0
  9 10  1  0  0  0  0
  2 11  1  0  0  0  0
  4 12  1  0  0  0  0
  6 13  1  0  0  0  0
  7 14  1  0  0  0  0
  9 15  1  0  0  0  0
  9 16  1  0  0  0  0
 10 17  1  0  0  0  0
 10 18  1  0  0  0  0
 10 19  1  0  0  0  0
M  END
$$$$
