method: SAEFM
length_type: Angstrom
<<global>>
<<key>>
atom
<<value_symbol>>
C
H
O
N
S
P
F
Cl
Br
I
1
2
3
C-2
H-2
O-2
N-2
S-2
P-2
F-2
Cl-2
Br-2
I-2
<<value>>
C   0.1656   -0.2442   1.4532   0.8777   -0.2035   -0.9581   1.8085   0.2958   0.0629   -0.3057   1.4545   0.7556   0.4697   0.0581   0.0686   -0.1093   -0.0144   0.0477   0.0887   -0.0871   -0.0085   0.0242   -0.0112   
H   1.0611   0.4354   1.335   1.2456   1.0006   0.9225   1.0   1.0   1.0   1.0   0.4354   1.0   1.0   0.0102   0.0006   -0.01   -0.002   0.0336   -0.048   0.0038   0.014   0.1032   0.0222   
O   -0.1236   -0.7495   0.1728   0.081   -0.2944   -0.3594   1.0   1.0   1.0   -0.7977   -0.0253   -0.0213   1.0   -0.1312   -0.1072   -0.1603   -0.173   -0.119   -0.0197   -0.0943   -0.077   0.5516   0.0706   
N   0.2188   -0.6878   1.0351   0.5224   -0.2901   -0.3528   1.0   -0.2479   -0.3253   0.1594   0.0126   0.0389   -0.216   -0.2071   -0.1499   -0.2658   -0.2452   -0.2152   -0.0986   -0.0835   -0.1773   -0.1121   -0.1924   
S   2.4596   1.5562   3.0547   2.3282   1.9163   1.0   2.7529   1.7882   1.0   1.0   1.9236   0.6089   1.0   -0.0561   -0.1476   -0.0527   -0.1043   -0.0279   1.0   -0.1536   -0.0146   -0.1118   -0.0569   
P   3.0122   2.1507   3.5192   3.4017   1.0   2.4647   3.5115   1.0   1.0   1.0   5.0   2.2871   1.0   -0.0907   -0.0043   -0.1369   -0.0403   1.0   -0.0271   1.0   1.0   1.0   1.0   
F   1.2038   1.0   1.0   1.0   1.0823   1.0286   0.6852   1.0   1.0   1.0   0.6852   1.0   1.0   -0.0621   -0.0783   -0.0653   -0.078   -0.0646   1.0   -0.0381   -0.0524   1.0   -0.0744   
Cl   1.1931   1.0   1.0   1.359   0.9206   1.0   1.0   0.5272   1.0   1.0   0.5272   1.0   1.0   -0.0519   -0.0755   -0.0167   -0.0531   -0.0141   1.0   -0.0115   -0.0232   1.0   -0.0439   
Br   1.1266   1.0   1.0   1.3104   1.0   1.0   1.0   1.0   0.563   1.0   0.563   1.0   1.0   0.0526   -0.0149   0.0255   0.0738   0.1007   1.0   1.0   1.0   0.0439   0.1027   
I   1.1234   1.0   1.2218   1.279   1.0   1.0   1.0   1.0   1.0   0.3756   0.3756   1.0   1.0   -0.0772   -0.0835   -0.0978   -0.0715   -0.0176   1.0   -0.0329   -0.0336   0.0212   0.0087   
<<end>>




Parameterized set of molecules: 4475.sdf
Method of parameterization: minimize

Statistics for all atoms:
     RMSD    max deviation    average deviation    pearson**2    num. of atoms
---------  ---------------  -------------------  ------------  ---------------
0.0516966         0.659554            0.0306529      0.982623           136390

Statistics for molecules:
     RMSD    max deviation    average deviation    pearson**2    num. of molecules
---------  ---------------  -------------------  ------------  -------------------
0.0402842         0.108484            0.0303576      0.983105                 4475

Statistics for atomic type:
atomic type         RMSD    max deviation    average deviation    pearson**2    num. of atoms
-------------  ---------  ---------------  -------------------  ------------  ---------------
C              0.0611772         0.659554            0.0390052      0.958413            53662
Cl             0.028754          0.144097            0.020619       0.927326             1084
I              0.0297356         0.173517            0.0237083      0.675527             1734
N              0.0506303         0.32553             0.034484       0.97621              7879
Br             0.0281952         0.119509            0.0228051      0.803761              336
P              0.0914119         0.179118            0.0824847      0.98536               404
O              0.0545246         0.367638            0.0326339      0.910348            10809
F              0.0624868         0.234495            0.0422397      0.504707              938
H              0.0373915         0.300519            0.0204906      0.743406            57119
S              0.0946905         0.518319            0.0613397      0.991213             2425

