method: SAEFM
length_type: Angstrom
<<global>>
<<key>>
atom
<<value_symbol>>
C
H
O
N
S
P
F
Cl
Br
I
1
2
3
C-2
H-2
O-2
N-2
S-2
P-2
F-2
Cl-2
Br-2
I-2
<<value>>
C   0.4652   -0.0349   1.7373   1.1334   0.0325   -0.6061   2.0215   0.509   0.2533   1.0   2.0314   1.183   0.5999   0.0298   0.0437   -0.0829   -0.0686   -0.1099   -0.0069   -0.1093   1.0   1.0   1.0   
H   1.0723   0.4311   1.3281   1.2407   0.9916   0.9359   1.0   1.0   1.0   1.0   0.4311   1.0   1.0   0.0084   -0.0083   -0.0006   0.0012   0.0271   0.0298   0.0009   0.0025   -0.0076   1.0   
O   -0.3897   -0.7674   0.1672   -0.1159   -0.7215   -0.8805   1.0   1.0   1.0   1.0   0.0425   -0.0448   1.0   -0.017   -0.0235   -0.0127   -0.0427   0.2457   0.9984   0.0006   0.0032   1.0   1.0   
N   0.8213   0.1444   1.506   1.2277   0.1283   -0.2592   1.0   1.0   1.0   1.0   2.0234   1.1093   -0.1147   -0.0588   -0.075   -0.0825   -0.0956   -0.0549   1.0   0.0217   1.0   1.0   1.0   
S   2.2222   1.5647   3.0312   2.7564   1.85   1.5427   2.7022   1.0   1.0   1.0   1.9043   0.5172   1.0   -0.0069   -0.0809   0.29   -0.0149   1.0   1.0   1.0   1.0   1.0   1.0   
P   1.7183   0.9882   2.4666   2.2251   0.9807   0.1553   1.0   1.0   1.0   1.0   1.0   0.1553   1.0   -0.1418   -0.083   1.0   1.0   1.0   1.0   1.0   1.0   1.0   1.0   
F   1.1881   1.0   1.0   1.0   1.0768   0.9743   0.7607   1.0   1.0   1.0   0.7607   1.0   1.0   -0.0019   -0.0137   0.0087   0.0059   0.0015   0.0072   -0.006   -0.0104   1.0   1.0   
Cl   1.3102   1.0   1.0   1.0   1.0   1.0431   1.0   0.6465   1.0   1.0   0.6465   1.0   1.0   0.0406   -0.0175   0.0538   0.0471   1.0   1.0   0.0139   1.0   1.0   1.0   
Br   1.3625   1.0   1.0   1.0   1.0   1.0   1.0   1.0   0.6375   1.0   0.6375   1.0   1.0   1.0   0.0219   1.0   1.0   1.0   1.0   1.0   1.0   1.0   1.0   
I   0.0415   0.0   0.0   0.0   0.0   0.0   0.0   0.0   -0.0415   0.0   0.0   0.0   0.0   0.0   0.0   0.0   0.0   0.0   0.0   0.0   0.0   0.0   0.0   
<<end>>




Parameterized set of molecules: 17769.sdf
Method of parameterization: minimize

Statistics for all atoms:
     RMSD    max deviation    average deviation    pearson    num. of atoms
---------  ---------------  -------------------  ---------  ---------------
0.0341397         0.939999            0.0239657   0.996564           821418

Statistics for molecules:
     RMSD    max deviation    average deviation    pearson    num. of molecules
---------  ---------------  -------------------  ---------  -------------------
0.0336771         0.101809            0.0244894        nan                17769

Statistics for atomic type:
atomic type         RMSD    max deviation    average deviation    pearson    num. of atoms
-------------  ---------  ---------------  -------------------  ---------  ---------------
P              0.0413238         0.573603            0.0240424   0.939448             3407
C              0.0462677         0.623568            0.0358789   0.989636           304068
H              0.017539          0.306176            0.0134548   0.97822            374666
Br             0.0480793         0.908323            0.0251764   0.141951              660
O              0.0329647         0.939999            0.024132    0.975603            75413
Cl             0.0238126         0.307075            0.0179157   0.479869             2720
N              0.0398595         0.35424             0.0300493   0.978972            50277
S              0.0598465         0.517354            0.0377125   0.99809              5407
F              0.0153258         0.072194            0.0111051   0.582446             4800

